702723566
-1406375356
-394963092
-1481947566
-39691948
91657946
-709010584
1133186490
-1232113962
1793883384
-194193449
-6291881
-758265537
347986197
1724037776
-1282507400
-1159410280
-873673522
-1994176865
1559361030
1062728361
1820115482
203393384
486019286
-842451776
701484482
1369210386
1678155326
-1024949840
-1739373297
-1279360223
1524499690
555704604
-999064892
258213477
1030965743
-317170443
299489102
54823698
-69597664
-449450432
1853341754
1853320752
-230171488
-1610288612
1981022950
393743669
-1749006663
66251523
1278719611
770913007
1821427947
-1336896945
1051904282
-670830937
1404233030
1227718144
834645076
-582731389
-1918214405
-1658724676
-1689201440
427298348
1170973488
-1981310442
-1802894969
-471869777
-1522570476
452216082
-1575846558
1638487208
-1764365516
542753512
353161544
-2017171555
1426924556
-196375544
-766273407
-992782937
-707581985
520282462
1533177022
759462486
-1765381686
1402761175
-817029811
-65175594
-297571818
-248633310
1637262728
417236557
716198862
-503558469
1272747662
-2006590073
-1754505327
-1147074524
1298327605
-1843186475
785518505
