-738514910
-134064076
-182894087
-638131782
-832665550
-777623797
-713010895
2037801411
2015550783
1450377325
-301673078
1230332691
2083020607
597449860
354871011
-2092167885
-1482880941
1920829469
1492701724
2005278496
-1097816316
1925006236
-1575928069
569895265
1279348943
-1284678351
-522235821
-448768677
-513935133
1837693512
-1973542302
584289764
-233492696
-544635834
-1323873413
-271639275
-1096660093
17902705
-197508380
2056360804
862685528
-769311953
-1165438463
339545073
233297744
174169714
137819057
200090143
1772838747
1160932210
-1478572553
1155411046
23464696
1068976029
764375516
1716310119
1250920371
-826282805
-1979175532
-1062058944
1144033263
-829408074
-778126113
695390497
-2114880539
369989545
-2006772814
-1856410849
412245740
48130678
436731670
-2070646201
-2005846790
1327507372
707983438
-241897226
1241965674
-890822647
-1890351553
-126686361
-276031489
1056894509
558158092
1670288525
-494717656
312043921
67259392
491748387
469037701
1711625398
-673015375
727714304
385962665
-1067107679
-1168503199
-1361782097
-281082079
1894920069
1719170215
932499775
