-1271594331
-1910095958
-2103133403
-1108450635
-721876142
-2014297660
463022551
822315293
1628448295
1980287214
1411790097
-1981769612
660282379
18128156
331925948
-297884898
-437932335
-604781477
2112825382
-1471669364
-1991191618
-1640037118
-598471639
245973896
960991816
1725880102
-1524518004
895990993
-258176224
396065106
2010408616
1347030762
-1660261518
-62055305
-1322621106
852571694
292671595
-1085383903
1391028712
1330876456
-1978441989
-935170069
1042283742
1340717345
887952348
1566826293
-1744076230
97726201
2102267858
-509114349
-114188402
805424442
-1591450573
1313558664
902187029
215512681
-54746199
-64560909
73778455
-283476320
652426038
461906633
113008786
399420249
1473501048
-271812988
623613462
-273556341
425941550
1367528666
1427566064
-1073564934
445981690
-571322574
-1350506870
758171595
1821685351
144941907
-985493487
-1148237482
-417795538
1648612958
-709968296
1741951295
-154765899
1931545342
-1910770436
136939463
1836769239
-1914566947
1121874375
-2144671649
-624755990
-1003742375
-957482663
1736948606
-2040916995
1643275639
-1391900156
1099209140
